=== ZOOM DEBUG LOG INITIALIZED ===
=== CAMERA POS UPDATE (zoom: 10) ===
  center: (51.507400, -0.127800) -> pixel (130978.94, 174974.43)
  camera offset: (0.00, 0.00)
=== TILE DISPLAYED ===
  tile zoom_level: 10 (current map zoom: 10)
  tile coords: (52.052490, -1.406250)
  tile transform: (-802.94, 513.57)
=== TILE DISPLAYED ===
  tile zoom_level: 10 (current map zoom: 10)
  tile coords: (52.268157, -1.406250)
  tile transform: (-802.94, 769.57)
=== TILE DISPLAYED ===
  tile zoom_level: 10 (current map zoom: 10)
  tile coords: (51.835778, -1.406250)
  tile transform: (-802.94, 257.57)
=== TILE DISPLAYED ===
  tile zoom_level: 10 (current map zoom: 10)
  tile coords: (50.958427, -1.406250)
  tile transform: (-802.94, -766.43)
=== TILE DISPLAYED ===
  tile zoom_level: 10 (current map zoom: 10)
  tile coords: (52.052490, -1.054688)
  tile transform: (-546.94, 513.57)
=== TILE DISPLAYED ===
  tile zoom_level: 10 (current map zoom: 10)
  tile coords: (51.399206, -1.406250)
  tile transform: (-802.94, -254.43)
=== TILE DISPLAYED ===
  tile zoom_level: 10 (current map zoom: 10)
  tile coords: (51.835778, -1.054688)
  tile transform: (-546.94, 257.57)
=== TILE DISPLAYED ===
  tile zoom_level: 10 (current map zoom: 10)
  tile coords: (51.618017, -1.406250)
  tile transform: (-802.94, 1.57)
=== TILE DISPLAYED ===
  tile zoom_level: 10 (current map zoom: 10)
  tile coords: (51.179343, -1.406250)
  tile transform: (-802.94, -510.43)
=== TILE DISPLAYED ===
  tile zoom_level: 10 (current map zoom: 10)
  tile coords: (52.268157, -1.054688)
  tile transform: (-546.94, 769.57)
=== TILE DISPLAYED ===
  tile zoom_level: 10 (current map zoom: 10)
  tile coords: (51.618017, -1.054688)
  tile transform: (-546.94, 1.57)
=== TILE DISPLAYED ===
  tile zoom_level: 10 (current map zoom: 10)
  tile coords: (51.399206, -1.054688)
  tile transform: (-546.94, -254.43)
=== TILE DISPLAYED ===
  tile zoom_level: 10 (current map zoom: 10)
  tile coords: (50.958427, -1.054688)
  tile transform: (-546.94, -766.43)
=== TILE DISPLAYED ===
  tile zoom_level: 10 (current map zoom: 10)
  tile coords: (51.179343, -1.054688)
  tile transform: (-546.94, -510.43)
=== TILE DISPLAYED ===
  tile zoom_level: 10 (current map zoom: 10)
  tile coords: (52.052490, -0.703125)
  tile transform: (-290.94, 513.57)
=== TILE DISPLAYED ===
  tile zoom_level: 10 (current map zoom: 10)
  tile coords: (51.399206, -0.703125)
  tile transform: (-290.94, -254.43)
=== TILE DISPLAYED ===
  tile zoom_level: 10 (current map zoom: 10)
  tile coords: (51.179343, -0.703125)
  tile transform: (-290.94, -510.43)
=== TILE DISPLAYED ===
  tile zoom_level: 10 (current map zoom: 10)
  tile coords: (51.618017, -0.703125)
  tile transform: (-290.94, 1.57)
=== TILE DISPLAYED ===
  tile zoom_level: 10 (current map zoom: 10)
  tile coords: (51.835778, -0.703125)
  tile transform: (-290.94, 257.57)
=== TILE DISPLAYED ===
  tile zoom_level: 10 (current map zoom: 10)
  tile coords: (52.268157, -0.703125)
  tile transform: (-290.94, 769.57)
=== TILE DISPLAYED ===
  tile zoom_level: 10 (current map zoom: 10)
  tile coords: (52.052490, -0.351562)
  tile transform: (-34.94, 513.57)
=== TILE DISPLAYED ===
  tile zoom_level: 10 (current map zoom: 10)
  tile coords: (51.835778, -0.351562)
  tile transform: (-34.94, 257.57)
=== TILE DISPLAYED ===
  tile zoom_level: 10 (current map zoom: 10)
  tile coords: (50.958427, -0.703125)
  tile transform: (-290.94, -766.43)
=== TILE DISPLAYED ===
  tile zoom_level: 10 (current map zoom: 10)
  tile coords: (52.268157, -0.351562)
  tile transform: (-34.94, 769.57)
=== TILE DISPLAYED ===
  tile zoom_level: 10 (current map zoom: 10)
  tile coords: (52.052490, 0.000000)
  tile transform: (221.06, 513.57)
=== TILE DISPLAYED ===
  tile zoom_level: 10 (current map zoom: 10)
  tile coords: (52.268157, 0.000000)
  tile transform: (221.06, 769.57)
=== TILE DISPLAYED ===
  tile zoom_level: 10 (current map zoom: 10)
  tile coords: (51.618017, -0.351562)
  tile transform: (-34.94, 1.57)
=== TILE DISPLAYED ===
  tile zoom_level: 10 (current map zoom: 10)
  tile coords: (51.179343, -0.351562)
  tile transform: (-34.94, -510.43)
=== TILE DISPLAYED ===
  tile zoom_level: 10 (current map zoom: 10)
  tile coords: (51.399206, -0.351562)
  tile transform: (-34.94, -254.43)
=== TILE DISPLAYED ===
  tile zoom_level: 10 (current map zoom: 10)
  tile coords: (50.958427, -0.351562)
  tile transform: (-34.94, -766.43)
=== TILE DISPLAYED ===
  tile zoom_level: 10 (current map zoom: 10)
  tile coords: (51.399206, 0.000000)
  tile transform: (221.06, -254.43)
=== TILE DISPLAYED ===
  tile zoom_level: 10 (current map zoom: 10)
  tile coords: (51.179343, 0.000000)
  tile transform: (221.06, -510.43)
=== TILE DISPLAYED ===
  tile zoom_level: 10 (current map zoom: 10)
  tile coords: (51.835778, 0.000000)
  tile transform: (221.06, 257.57)
=== TILE DISPLAYED ===
  tile zoom_level: 10 (current map zoom: 10)
  tile coords: (51.618017, 0.000000)
  tile transform: (221.06, 1.57)
=== TILE DISPLAYED ===
  tile zoom_level: 10 (current map zoom: 10)
  tile coords: (51.399206, 0.351562)
  tile transform: (477.06, -254.43)
=== TILE DISPLAYED ===
  tile zoom_level: 10 (current map zoom: 10)
  tile coords: (51.835778, 0.351562)
  tile transform: (477.06, 257.57)
=== TILE DISPLAYED ===
  tile zoom_level: 10 (current map zoom: 10)
  tile coords: (50.958427, 0.000000)
  tile transform: (221.06, -766.43)
=== TILE DISPLAYED ===
  tile zoom_level: 10 (current map zoom: 10)
  tile coords: (52.268157, 0.351562)
  tile transform: (477.06, 769.57)
=== TILE DISPLAYED ===
  tile zoom_level: 10 (current map zoom: 10)
  tile coords: (52.052490, 0.351562)
  tile transform: (477.06, 513.57)
=== TILE DISPLAYED ===
  tile zoom_level: 10 (current map zoom: 10)
  tile coords: (51.618017, 0.351562)
  tile transform: (477.06, 1.57)
=== TILE DISPLAYED ===
  tile zoom_level: 10 (current map zoom: 10)
  tile coords: (51.179343, 0.351562)
  tile transform: (477.06, -510.43)
=== TILE DISPLAYED ===
  tile zoom_level: 10 (current map zoom: 10)
  tile coords: (51.179343, 0.703125)
  tile transform: (733.06, -510.43)
=== TILE DISPLAYED ===
  tile zoom_level: 10 (current map zoom: 10)
  tile coords: (50.958427, 0.351562)
  tile transform: (477.06, -766.43)
=== TILE DISPLAYED ===
  tile zoom_level: 10 (current map zoom: 10)
  tile coords: (52.052490, 0.703125)
  tile transform: (733.06, 513.57)
=== TILE DISPLAYED ===
  tile zoom_level: 10 (current map zoom: 10)
  tile coords: (52.268157, 0.703125)
  tile transform: (733.06, 769.57)
=== TILE DISPLAYED ===
  tile zoom_level: 10 (current map zoom: 10)
  tile coords: (51.618017, 0.703125)
  tile transform: (733.06, 1.57)
=== TILE DISPLAYED ===
  tile zoom_level: 10 (current map zoom: 10)
  tile coords: (51.835778, 0.703125)
  tile transform: (733.06, 257.57)
=== TILE DISPLAYED ===
  tile zoom_level: 10 (current map zoom: 10)
  tile coords: (50.958427, 0.703125)
  tile transform: (733.06, -766.43)
=== TILE DISPLAYED ===
  tile zoom_level: 10 (current map zoom: 10)
  tile coords: (51.399206, 0.703125)
  tile transform: (733.06, -254.43)
=== SCROLL EVENT START ===
Event: unit=Pixel, y=0
Before: camera_zoom=1, zoom_level=10
Before: map center=(51.507400, -0.127800)
Cursor position: (649.25, 359.59)
Zoom delta: 0
Camera zoom: 1 -> 1
--- Zoom-to-cursor calculation ---
  old_zoom_level=10, new_zoom_level=10, zoom_level_changed=false
  Screen offset from center: (9.25, 0.41)
  World offset BEFORE zoom (old_cam=1): (9.25, 0.41)
  Center pixel (at OLD zoom 10): (130978.94, 174974.43)
  Cursor world position (at OLD zoom 10): (130988.19, 174974.84)
  Cursor geographic: (51.507751, -0.115097)
  World offset AFTER zoom (new_cam=1): (9.25, 0.41)
  Cursor geo pixel (at NEW zoom 10): (130988.19, 174974.84)
  New center pixel (at NEW zoom 10): (130978.94, 174974.43)
  New center geographic: (51.507400, -0.127800)
  Map center updated: (51.507400, -0.127800) -> (51.507400, -0.127800)
=== SCROLL EVENT END ===

=== CAMERA POS UPDATE (zoom: 10) ===
  center: (51.507400, -0.127800) -> pixel (130978.94, 174974.43)
  camera offset: (0.00, 0.00)
=== SCROLL EVENT START ===
Event: unit=Pixel, y=4
Before: camera_zoom=1, zoom_level=10
Before: map center=(51.507400, -0.127800)
Cursor position: (649.25, 359.59)
Zoom delta: 0.008
Camera zoom: 1 -> 0.992
--- Zoom-to-cursor calculation ---
  old_zoom_level=10, new_zoom_level=10, zoom_level_changed=false
  Screen offset from center: (9.25, 0.41)
  World offset BEFORE zoom (old_cam=1): (9.25, 0.41)
  Center pixel (at OLD zoom 10): (130978.94, 174974.43)
  Cursor world position (at OLD zoom 10): (130988.19, 174974.84)
  Cursor geographic: (51.507751, -0.115097)
  World offset AFTER zoom (new_cam=0.992): (9.32, 0.41)
  Cursor geo pixel (at NEW zoom 10): (130988.19, 174974.84)
  New center pixel (at NEW zoom 10): (130978.86, 174974.43)
  New center geographic: (51.507397, -0.127902)
  Map center updated: (51.507400, -0.127800) -> (51.507397, -0.127902)
=== SCROLL EVENT END ===

=== SCROLL EVENT START ===
Event: unit=Pixel, y=18
Before: camera_zoom=0.992, zoom_level=10
Before: map center=(51.507397, -0.127902)
Cursor position: (649.25, 359.59)
Zoom delta: 0.036000002
Camera zoom: 0.992 -> 0.956288
--- Zoom-to-cursor calculation ---
  old_zoom_level=10, new_zoom_level=10, zoom_level_changed=false
  Screen offset from center: (9.25, 0.41)
  World offset BEFORE zoom (old_cam=0.992): (9.32, 0.41)
  Center pixel (at OLD zoom 10): (130978.86, 174974.43)
  Cursor world position (at OLD zoom 10): (130988.19, 174974.84)
  Cursor geographic: (51.507751, -0.115097)
  World offset AFTER zoom (new_cam=0.956288): (9.67, 0.43)
  Cursor geo pixel (at NEW zoom 10): (130988.19, 174974.84)
  New center pixel (at NEW zoom 10): (130978.52, 174974.41)
  New center geographic: (51.507384, -0.128381)
  Map center updated: (51.507397, -0.127902) -> (51.507384, -0.128381)
=== SCROLL EVENT END ===

=== CAMERA POS UPDATE (zoom: 10) ===
  center: (51.507384, -0.128381) -> pixel (130978.52, 174974.41)
  camera offset: (-0.42, -0.02)
=== SCROLL EVENT START ===
Event: unit=Pixel, y=18
Before: camera_zoom=0.956288, zoom_level=10
Before: map center=(51.507384, -0.128381)
Cursor position: (649.25, 359.59)
Zoom delta: 0.036000002
Camera zoom: 0.956288 -> 0.9218616
--- Zoom-to-cursor calculation ---
  old_zoom_level=10, new_zoom_level=10, zoom_level_changed=false
  Screen offset from center: (9.25, 0.41)
  World offset BEFORE zoom (old_cam=0.956288): (9.67, 0.43)
  Center pixel (at OLD zoom 10): (130978.52, 174974.41)
  Cursor world position (at OLD zoom 10): (130988.19, 174974.84)
  Cursor geographic: (51.507751, -0.115097)
  World offset AFTER zoom (new_cam=0.9218616): (10.03, 0.44)
  Cursor geo pixel (at NEW zoom 10): (130988.19, 174974.84)
  New center pixel (at NEW zoom 10): (130978.15, 174974.39)
  New center geographic: (51.507370, -0.128877)
  Map center updated: (51.507384, -0.128381) -> (51.507370, -0.128877)
=== SCROLL EVENT END ===

=== CAMERA POS UPDATE (zoom: 10) ===
  center: (51.507370, -0.128877) -> pixel (130978.15, 174974.39)
  camera offset: (-0.78, -0.03)
=== SCROLL EVENT START ===
Event: unit=Pixel, y=14
Before: camera_zoom=0.9218616, zoom_level=10
Before: map center=(51.507370, -0.128877)
Cursor position: (649.25, 359.59)
Zoom delta: 0.028
Camera zoom: 0.9218616 -> 0.89604944
--- Zoom-to-cursor calculation ---
  old_zoom_level=10, new_zoom_level=10, zoom_level_changed=false
  Screen offset from center: (9.25, 0.41)
  World offset BEFORE zoom (old_cam=0.9218616): (10.03, 0.44)
  Center pixel (at OLD zoom 10): (130978.15, 174974.39)
  Cursor world position (at OLD zoom 10): (130988.19, 174974.84)
  Cursor geographic: (51.507751, -0.115097)
  World offset AFTER zoom (new_cam=0.89604944): (10.32, 0.46)
  Cursor geo pixel (at NEW zoom 10): (130988.19, 174974.84)
  New center pixel (at NEW zoom 10): (130977.87, 174974.38)
  New center geographic: (51.507359, -0.129274)
  Map center updated: (51.507370, -0.128877) -> (51.507359, -0.129274)
=== SCROLL EVENT END ===

=== CAMERA POS UPDATE (zoom: 10) ===
  center: (51.507359, -0.129274) -> pixel (130977.87, 174974.38)
  camera offset: (-1.07, -0.05)
=== SCROLL EVENT START ===
Event: unit=Pixel, y=18
Before: camera_zoom=0.89604944, zoom_level=10
Before: map center=(51.507359, -0.129274)
Cursor position: (649.25, 359.59)
Zoom delta: 0.036000002
Camera zoom: 0.89604944 -> 0.86379164
--- Zoom-to-cursor calculation ---
  old_zoom_level=10, new_zoom_level=10, zoom_level_changed=false
  Screen offset from center: (9.25, 0.41)
  World offset BEFORE zoom (old_cam=0.89604944): (10.32, 0.46)
  Center pixel (at OLD zoom 10): (130977.87, 174974.38)
  Cursor world position (at OLD zoom 10): (130988.19, 174974.84)
  Cursor geographic: (51.507751, -0.115097)
  World offset AFTER zoom (new_cam=0.86379164): (10.71, 0.47)
  Cursor geo pixel (at NEW zoom 10): (130988.19, 174974.84)
  New center pixel (at NEW zoom 10): (130977.48, 174974.36)
  New center geographic: (51.507345, -0.129803)
  Map center updated: (51.507359, -0.129274) -> (51.507345, -0.129803)
=== SCROLL EVENT END ===

=== CAMERA POS UPDATE (zoom: 10) ===
  center: (51.507345, -0.129803) -> pixel (130977.48, 174974.36)
  camera offset: (-1.46, -0.06)
=== SCROLL EVENT START ===
Event: unit=Pixel, y=4
Before: camera_zoom=0.86379164, zoom_level=10
Before: map center=(51.507345, -0.129803)
Cursor position: (649.25, 359.59)
Zoom delta: 0.008
Camera zoom: 0.86379164 -> 0.8568813
--- Zoom-to-cursor calculation ---
  old_zoom_level=10, new_zoom_level=10, zoom_level_changed=false
  Screen offset from center: (9.25, 0.41)
  World offset BEFORE zoom (old_cam=0.86379164): (10.71, 0.47)
  Center pixel (at OLD zoom 10): (130977.48, 174974.36)
  Cursor world position (at OLD zoom 10): (130988.19, 174974.84)
  Cursor geographic: (51.507751, -0.115097)
  World offset AFTER zoom (new_cam=0.8568813): (10.79, 0.48)
  Cursor geo pixel (at NEW zoom 10): (130988.19, 174974.84)
  New center pixel (at NEW zoom 10): (130977.39, 174974.36)
  New center geographic: (51.507341, -0.129922)
  Map center updated: (51.507345, -0.129803) -> (51.507341, -0.129922)
=== SCROLL EVENT END ===

=== CAMERA POS UPDATE (zoom: 10) ===
  center: (51.507341, -0.129922) -> pixel (130977.39, 174974.36)
  camera offset: (-1.54, -0.07)
=== SCROLL EVENT START ===
Event: unit=Pixel, y=6
Before: camera_zoom=0.8568813, zoom_level=10
Before: map center=(51.507341, -0.129922)
Cursor position: (649.25, 359.59)
Zoom delta: 0.012
Camera zoom: 0.8568813 -> 0.84659874
--- Zoom-to-cursor calculation ---
  old_zoom_level=10, new_zoom_level=10, zoom_level_changed=false
  Screen offset from center: (9.25, 0.41)
  World offset BEFORE zoom (old_cam=0.8568813): (10.79, 0.48)
  Center pixel (at OLD zoom 10): (130977.39, 174974.36)
  Cursor world position (at OLD zoom 10): (130988.19, 174974.84)
  Cursor geographic: (51.507751, -0.115097)
  World offset AFTER zoom (new_cam=0.84659874): (10.93, 0.48)
  Cursor geo pixel (at NEW zoom 10): (130988.19, 174974.84)
  New center pixel (at NEW zoom 10): (130977.26, 174974.36)
  New center geographic: (51.507336, -0.130102)
  Map center updated: (51.507341, -0.129922) -> (51.507336, -0.130102)
=== SCROLL EVENT END ===

=== CAMERA POS UPDATE (zoom: 10) ===
  center: (51.507336, -0.130102) -> pixel (130977.26, 174974.36)
  camera offset: (-1.68, -0.07)
=== SCROLL EVENT START ===
Event: unit=Pixel, y=44
Before: camera_zoom=0.84659874, zoom_level=10
Before: map center=(51.507336, -0.130102)
Cursor position: (649.25, 359.59)
Zoom delta: 0.08800001
Camera zoom: 0.84659874 -> 0.77209806
--- Zoom-to-cursor calculation ---
  old_zoom_level=10, new_zoom_level=10, zoom_level_changed=false
  Screen offset from center: (9.25, 0.41)
  World offset BEFORE zoom (old_cam=0.84659874): (10.93, 0.48)
  Center pixel (at OLD zoom 10): (130977.26, 174974.36)
  Cursor world position (at OLD zoom 10): (130988.19, 174974.84)
  Cursor geographic: (51.507751, -0.115097)
  World offset AFTER zoom (new_cam=0.77209806): (11.98, 0.53)
  Cursor geo pixel (at NEW zoom 10): (130988.19, 174974.84)
  New center pixel (at NEW zoom 10): (130976.21, 174974.31)
  New center geographic: (51.507297, -0.131550)
  Map center updated: (51.507336, -0.130102) -> (51.507297, -0.131550)
=== SCROLL EVENT END ===

=== CAMERA POS UPDATE (zoom: 10) ===
  center: (51.507297, -0.131550) -> pixel (130976.21, 174974.31)
  camera offset: (-2.73, -0.12)
=== SCROLL EVENT START ===
Event: unit=Pixel, y=34
Before: camera_zoom=0.77209806, zoom_level=10
Before: map center=(51.507297, -0.131550)
Cursor position: (649.25, 359.59)
Zoom delta: 0.068
Camera zoom: 0.77209806 -> 0.7195954
--- Zoom-to-cursor calculation ---
  old_zoom_level=10, new_zoom_level=10, zoom_level_changed=false
  Screen offset from center: (9.25, 0.41)
  World offset BEFORE zoom (old_cam=0.77209806): (11.98, 0.53)
  Center pixel (at OLD zoom 10): (130976.21, 174974.31)
  Cursor world position (at OLD zoom 10): (130988.19, 174974.84)
  Cursor geographic: (51.507751, -0.115097)
  World offset AFTER zoom (new_cam=0.7195954): (12.85, 0.57)
  Cursor geo pixel (at NEW zoom 10): (130988.19, 174974.84)
  New center pixel (at NEW zoom 10): (130975.33, 174974.27)
  New center geographic: (51.507263, -0.132750)
  Map center updated: (51.507297, -0.131550) -> (51.507263, -0.132750)
=== SCROLL EVENT END ===

=== CAMERA POS UPDATE (zoom: 10) ===
  center: (51.507263, -0.132750) -> pixel (130975.33, 174974.27)
  camera offset: (-3.60, -0.16)
=== SCROLL EVENT START ===
Event: unit=Pixel, y=2
Before: camera_zoom=0.7195954, zoom_level=10
Before: map center=(51.507263, -0.132750)
Cursor position: (649.25, 359.59)
Zoom delta: 0.004
Camera zoom: 0.7195954 -> 0.716717
--- Zoom-to-cursor calculation ---
  old_zoom_level=10, new_zoom_level=10, zoom_level_changed=false
  Screen offset from center: (9.25, 0.41)
  World offset BEFORE zoom (old_cam=0.7195954): (12.85, 0.57)
  Center pixel (at OLD zoom 10): (130975.33, 174974.27)
  Cursor world position (at OLD zoom 10): (130988.19, 174974.84)
  Cursor geographic: (51.507751, -0.115097)
  World offset AFTER zoom (new_cam=0.716717): (12.91, 0.57)
  Cursor geo pixel (at NEW zoom 10): (130988.19, 174974.84)
  New center pixel (at NEW zoom 10): (130975.28, 174974.27)
  New center geographic: (51.507261, -0.132821)
  Map center updated: (51.507263, -0.132750) -> (51.507261, -0.132821)
=== SCROLL EVENT END ===

=== CAMERA POS UPDATE (zoom: 10) ===
  center: (51.507261, -0.132821) -> pixel (130975.28, 174974.27)
  camera offset: (-3.66, -0.16)
=== SCROLL EVENT START ===
Event: unit=Pixel, y=4
Before: camera_zoom=0.716717, zoom_level=10
Before: map center=(51.507261, -0.132821)
Cursor position: (649.25, 359.59)
Zoom delta: 0.008
Camera zoom: 0.716717 -> 0.7109833
--- Zoom-to-cursor calculation ---
  old_zoom_level=10, new_zoom_level=10, zoom_level_changed=false
  Screen offset from center: (9.25, 0.41)
  World offset BEFORE zoom (old_cam=0.716717): (12.91, 0.57)
  Center pixel (at OLD zoom 10): (130975.28, 174974.27)
  Cursor world position (at OLD zoom 10): (130988.19, 174974.84)
  Cursor geographic: (51.507751, -0.115097)
  World offset AFTER zoom (new_cam=0.7109833): (13.01, 0.58)
  Cursor geo pixel (at NEW zoom 10): (130988.19, 174974.84)
  New center pixel (at NEW zoom 10): (130975.18, 174974.26)
  New center geographic: (51.507257, -0.132964)
  Map center updated: (51.507261, -0.132821) -> (51.507257, -0.132964)
=== SCROLL EVENT END ===

=== CAMERA POS UPDATE (zoom: 10) ===
  center: (51.507257, -0.132964) -> pixel (130975.18, 174974.26)
  camera offset: (-3.76, -0.17)
=== SCROLL EVENT START ===
Event: unit=Pixel, y=8
Before: camera_zoom=0.7109833, zoom_level=10
Before: map center=(51.507257, -0.132964)
Cursor position: (649.25, 359.59)
Zoom delta: 0.016
Camera zoom: 0.7109833 -> 0.69960755
*** ZOOM LEVEL TRANSITION: DOWNGRADE ***
  Threshold check: camera_zoom=0.69960755 <= INV_SQRT_2=0.70710677
  Camera zoom adjusted: 0.69960755 -> 1.3992151
  Zoom level: 10 -> 9
--- Zoom-to-cursor calculation ---
  old_zoom_level=10, new_zoom_level=9, zoom_level_changed=true
  Screen offset from center: (9.25, 0.41)
  World offset BEFORE zoom (old_cam=0.7109833): (13.01, 0.58)
  Center pixel (at OLD zoom 10): (130975.18, 174974.26)
  Cursor world position (at OLD zoom 10): (130988.19, 174974.84)
  Cursor geographic: (51.507751, -0.115097)
  World offset AFTER zoom (new_cam=1.3992151): (6.61, 0.29)
  Cursor geo pixel (at NEW zoom 9): (65494.09, 87487.42)
  New center pixel (at NEW zoom 9): (65487.48, 87487.13)
  New center geographic: (51.507249, -0.133254)
  Map center updated: (51.507257, -0.132964) -> (51.507249, -0.133254)
  Scaled 49 tiles by 0.5 and marked for delayed despawn
  Requested new tiles at zoom level 9
=== SCROLL EVENT END ===

=== CAMERA POS UPDATE (zoom: 9) ===
  center: (51.507249, -0.133254) -> pixel (65487.48, 87487.13)
  camera offset: (-1.99, -0.09)
=== SCROLL EVENT START ===
Event: unit=Pixel, y=8
Before: camera_zoom=1.3992151, zoom_level=9
Before: map center=(51.507249, -0.133254)
Cursor position: (649.25, 359.59)
Zoom delta: 0.016
Camera zoom: 1.3992151 -> 1.3768277
--- Zoom-to-cursor calculation ---
  old_zoom_level=9, new_zoom_level=9, zoom_level_changed=false
  Screen offset from center: (9.25, 0.41)
  World offset BEFORE zoom (old_cam=1.3992151): (6.61, 0.29)
  Center pixel (at OLD zoom 9): (65487.48, 87487.13)
  Cursor world position (at OLD zoom 9): (65494.09, 87487.42)
  Cursor geographic: (51.507751, -0.115097)
  World offset AFTER zoom (new_cam=1.3768277): (6.72, 0.30)
  Cursor geo pixel (at NEW zoom 9): (65494.09, 87487.42)
  New center pixel (at NEW zoom 9): (65487.38, 87487.12)
  New center geographic: (51.507241, -0.133550)
  Map center updated: (51.507249, -0.133254) -> (51.507241, -0.133550)
=== SCROLL EVENT END ===

=== CAMERA POS UPDATE (zoom: 9) ===
  center: (51.507241, -0.133550) -> pixel (65487.38, 87487.12)
  camera offset: (-2.09, -0.09)
=== SCROLL EVENT START ===
Event: unit=Pixel, y=10
Before: camera_zoom=1.3768277, zoom_level=9
Before: map center=(51.507241, -0.133550)
Cursor position: (649.25, 359.59)
Zoom delta: 0.020000001
Camera zoom: 1.3768277 -> 1.3492912
--- Zoom-to-cursor calculation ---
  old_zoom_level=9, new_zoom_level=9, zoom_level_changed=false
  Screen offset from center: (9.25, 0.41)
  World offset BEFORE zoom (old_cam=1.3768277): (6.72, 0.30)
  Center pixel (at OLD zoom 9): (65487.38, 87487.12)
  Cursor world position (at OLD zoom 9): (65494.09, 87487.42)
  Cursor geographic: (51.507751, -0.115097)
  World offset AFTER zoom (new_cam=1.3492912): (6.86, 0.30)
  Cursor geo pixel (at NEW zoom 9): (65494.09, 87487.42)
  New center pixel (at NEW zoom 9): (65487.24, 87487.12)
  New center geographic: (51.507231, -0.133926)
  Map center updated: (51.507241, -0.133550) -> (51.507231, -0.133926)
=== SCROLL EVENT END ===

=== CAMERA POS UPDATE (zoom: 9) ===
  center: (51.507231, -0.133926) -> pixel (65487.24, 87487.12)
  camera offset: (-2.23, -0.10)
=== SCROLL EVENT START ===
Event: unit=Pixel, y=4
Before: camera_zoom=1.3492912, zoom_level=9
Before: map center=(51.507231, -0.133926)
Cursor position: (649.25, 359.59)
Zoom delta: 0.008
Camera zoom: 1.3492912 -> 1.3384968
--- Zoom-to-cursor calculation ---
  old_zoom_level=9, new_zoom_level=9, zoom_level_changed=false
  Screen offset from center: (9.25, 0.41)
  World offset BEFORE zoom (old_cam=1.3492912): (6.86, 0.30)
  Center pixel (at OLD zoom 9): (65487.24, 87487.12)
  Cursor world position (at OLD zoom 9): (65494.09, 87487.42)
  Cursor geographic: (51.507751, -0.115097)
  World offset AFTER zoom (new_cam=1.3384968): (6.91, 0.31)
  Cursor geo pixel (at NEW zoom 9): (65494.09, 87487.42)
  New center pixel (at NEW zoom 9): (65487.18, 87487.11)
  New center geographic: (51.507227, -0.134078)
  Map center updated: (51.507231, -0.133926) -> (51.507227, -0.134078)
=== SCROLL EVENT END ===

=== CAMERA POS UPDATE (zoom: 9) ===
  center: (51.507227, -0.134078) -> pixel (65487.18, 87487.11)
  camera offset: (-2.29, -0.10)
=== SCROLL EVENT START ===
Event: unit=Pixel, y=6
Before: camera_zoom=1.3384968, zoom_level=9
Before: map center=(51.507227, -0.134078)
Cursor position: (649.25, 359.59)
Zoom delta: 0.012
Camera zoom: 1.3384968 -> 1.3224348
--- Zoom-to-cursor calculation ---
  old_zoom_level=9, new_zoom_level=9, zoom_level_changed=false
  Screen offset from center: (9.25, 0.41)
  World offset BEFORE zoom (old_cam=1.3384968): (6.91, 0.31)
  Center pixel (at OLD zoom 9): (65487.18, 87487.11)
  Cursor world position (at OLD zoom 9): (65494.09, 87487.42)
  Cursor geographic: (51.507751, -0.115097)
  World offset AFTER zoom (new_cam=1.3224348): (6.99, 0.31)
  Cursor geo pixel (at NEW zoom 9): (65494.09, 87487.42)
  New center pixel (at NEW zoom 9): (65487.10, 87487.11)
  New center geographic: (51.507220, -0.134309)
  Map center updated: (51.507227, -0.134078) -> (51.507220, -0.134309)
=== SCROLL EVENT END ===

=== CAMERA POS UPDATE (zoom: 9) ===
  center: (51.507220, -0.134309) -> pixel (65487.10, 87487.11)
  camera offset: (-2.37, -0.11)
=== SCROLL EVENT START ===
Event: unit=Pixel, y=2
Before: camera_zoom=1.3224348, zoom_level=9
Before: map center=(51.507220, -0.134309)
Cursor position: (649.25, 359.59)
Zoom delta: 0.004
Camera zoom: 1.3224348 -> 1.317145
--- Zoom-to-cursor calculation ---
  old_zoom_level=9, new_zoom_level=9, zoom_level_changed=false
  Screen offset from center: (9.25, 0.41)
  World offset BEFORE zoom (old_cam=1.3224348): (6.99, 0.31)
  Center pixel (at OLD zoom 9): (65487.10, 87487.11)
  Cursor world position (at OLD zoom 9): (65494.09, 87487.42)
  Cursor geographic: (51.507751, -0.115097)
  World offset AFTER zoom (new_cam=1.317145): (7.02, 0.31)
  Cursor geo pixel (at NEW zoom 9): (65494.09, 87487.42)
  New center pixel (at NEW zoom 9): (65487.07, 87487.11)
  New center geographic: (51.507218, -0.134386)
  Map center updated: (51.507220, -0.134309) -> (51.507218, -0.134386)
=== SCROLL EVENT END ===

=== CAMERA POS UPDATE (zoom: 9) ===
  center: (51.507218, -0.134386) -> pixel (65487.07, 87487.11)
  camera offset: (-2.40, -0.11)
=== SCROLL EVENT START ===
Event: unit=Pixel, y=4
Before: camera_zoom=1.317145, zoom_level=9
Before: map center=(51.507218, -0.134386)
Cursor position: (649.25, 359.59)
Zoom delta: 0.008
Camera zoom: 1.317145 -> 1.3066078
--- Zoom-to-cursor calculation ---
  old_zoom_level=9, new_zoom_level=9, zoom_level_changed=false
  Screen offset from center: (9.25, 0.41)
  World offset BEFORE zoom (old_cam=1.317145): (7.02, 0.31)
  Center pixel (at OLD zoom 9): (65487.07, 87487.11)
  Cursor world position (at OLD zoom 9): (65494.09, 87487.42)
  Cursor geographic: (51.507751, -0.115097)
  World offset AFTER zoom (new_cam=1.3066078): (7.08, 0.31)
  Cursor geo pixel (at NEW zoom 9): (65494.09, 87487.42)
  New center pixel (at NEW zoom 9): (65487.02, 87487.11)
  New center geographic: (51.507214, -0.134541)
  Map center updated: (51.507218, -0.134386) -> (51.507214, -0.134541)
=== SCROLL EVENT END ===

=== CAMERA POS UPDATE (zoom: 9) ===
  center: (51.507214, -0.134541) -> pixel (65487.02, 87487.11)
  camera offset: (-2.45, -0.11)
=== SCROLL EVENT START ===
Event: unit=Pixel, y=2
Before: camera_zoom=1.3066078, zoom_level=9
Before: map center=(51.507214, -0.134541)
Cursor position: (649.25, 359.59)
Zoom delta: 0.004
Camera zoom: 1.3066078 -> 1.3013813
--- Zoom-to-cursor calculation ---
  old_zoom_level=9, new_zoom_level=9, zoom_level_changed=false
  Screen offset from center: (9.25, 0.41)
  World offset BEFORE zoom (old_cam=1.3066078): (7.08, 0.31)
  Center pixel (at OLD zoom 9): (65487.02, 87487.11)
  Cursor world position (at OLD zoom 9): (65494.09, 87487.42)
  Cursor geographic: (51.507751, -0.115097)
  World offset AFTER zoom (new_cam=1.3013813): (7.11, 0.32)
  Cursor geo pixel (at NEW zoom 9): (65494.09, 87487.42)
  New center pixel (at NEW zoom 9): (65486.99, 87487.10)
  New center geographic: (51.507212, -0.134619)
  Map center updated: (51.507214, -0.134541) -> (51.507212, -0.134619)
=== SCROLL EVENT END ===

=== CAMERA POS UPDATE (zoom: 9) ===
  center: (51.507212, -0.134619) -> pixel (65486.99, 87487.10)
  camera offset: (-2.48, -0.11)
=== SCROLL EVENT START ===
Event: unit=Pixel, y=0
Before: camera_zoom=1.3013813, zoom_level=9
Before: map center=(51.507212, -0.134619)
Cursor position: (649.25, 359.59)
Zoom delta: 0
Camera zoom: 1.3013813 -> 1.3013813
--- Zoom-to-cursor calculation ---
  old_zoom_level=9, new_zoom_level=9, zoom_level_changed=false
  Screen offset from center: (9.25, 0.41)
  World offset BEFORE zoom (old_cam=1.3013813): (7.11, 0.32)
  Center pixel (at OLD zoom 9): (65486.99, 87487.10)
  Cursor world position (at OLD zoom 9): (65494.09, 87487.42)
  Cursor geographic: (51.507751, -0.115097)
  World offset AFTER zoom (new_cam=1.3013813): (7.11, 0.32)
  Cursor geo pixel (at NEW zoom 9): (65494.09, 87487.42)
  New center pixel (at NEW zoom 9): (65486.99, 87487.10)
  New center geographic: (51.507212, -0.134619)
  Map center updated: (51.507212, -0.134619) -> (51.507212, -0.134619)
=== SCROLL EVENT END ===

=== CAMERA POS UPDATE (zoom: 9) ===
  center: (51.507212, -0.134619) -> pixel (65486.99, 87487.10)
  camera offset: (-2.48, -0.11)
=== SCROLL EVENT START ===
Event: unit=Pixel, y=0
Before: camera_zoom=1.3013813, zoom_level=9
Before: map center=(51.507212, -0.134619)
Cursor position: (649.25, 359.59)
Zoom delta: 0
Camera zoom: 1.3013813 -> 1.3013813
--- Zoom-to-cursor calculation ---
  old_zoom_level=9, new_zoom_level=9, zoom_level_changed=false
  Screen offset from center: (9.25, 0.41)
  World offset BEFORE zoom (old_cam=1.3013813): (7.11, 0.32)
  Center pixel (at OLD zoom 9): (65486.99, 87487.10)
  Cursor world position (at OLD zoom 9): (65494.09, 87487.42)
  Cursor geographic: (51.507751, -0.115097)
  World offset AFTER zoom (new_cam=1.3013813): (7.11, 0.32)
  Cursor geo pixel (at NEW zoom 9): (65494.09, 87487.42)
  New center pixel (at NEW zoom 9): (65486.99, 87487.10)
  New center geographic: (51.507212, -0.134619)
  Map center updated: (51.507212, -0.134619) -> (51.507212, -0.134619)
=== SCROLL EVENT END ===

=== CAMERA POS UPDATE (zoom: 9) ===
  center: (51.507212, -0.134619) -> pixel (65486.99, 87487.10)
  camera offset: (-2.48, -0.11)
=== SCROLL EVENT START ===
Event: unit=Pixel, y=0
Before: camera_zoom=1.3013813, zoom_level=9
Before: map center=(51.507212, -0.134619)
Cursor position: (649.25, 359.59)
Zoom delta: 0
Camera zoom: 1.3013813 -> 1.3013813
--- Zoom-to-cursor calculation ---
  old_zoom_level=9, new_zoom_level=9, zoom_level_changed=false
  Screen offset from center: (9.25, 0.41)
  World offset BEFORE zoom (old_cam=1.3013813): (7.11, 0.32)
  Center pixel (at OLD zoom 9): (65486.99, 87487.10)
  Cursor world position (at OLD zoom 9): (65494.09, 87487.42)
  Cursor geographic: (51.507751, -0.115097)
  World offset AFTER zoom (new_cam=1.3013813): (7.11, 0.32)
  Cursor geo pixel (at NEW zoom 9): (65494.09, 87487.42)
  New center pixel (at NEW zoom 9): (65486.99, 87487.10)
  New center geographic: (51.507212, -0.134619)
  Map center updated: (51.507212, -0.134619) -> (51.507212, -0.134619)
=== SCROLL EVENT END ===

=== CAMERA POS UPDATE (zoom: 9) ===
  center: (51.507212, -0.134619) -> pixel (65486.99, 87487.10)
  camera offset: (-2.48, -0.11)
=== SCROLL EVENT START ===
Event: unit=Pixel, y=0
Before: camera_zoom=1.3013813, zoom_level=9
Before: map center=(51.507212, -0.134619)
Cursor position: (649.25, 359.59)
Zoom delta: 0
Camera zoom: 1.3013813 -> 1.3013813
--- Zoom-to-cursor calculation ---
  old_zoom_level=9, new_zoom_level=9, zoom_level_changed=false
  Screen offset from center: (9.25, 0.41)
  World offset BEFORE zoom (old_cam=1.3013813): (7.11, 0.32)
  Center pixel (at OLD zoom 9): (65486.99, 87487.10)
  Cursor world position (at OLD zoom 9): (65494.09, 87487.42)
  Cursor geographic: (51.507751, -0.115097)
  World offset AFTER zoom (new_cam=1.3013813): (7.11, 0.32)
  Cursor geo pixel (at NEW zoom 9): (65494.09, 87487.42)
  New center pixel (at NEW zoom 9): (65486.99, 87487.10)
  New center geographic: (51.507212, -0.134619)
  Map center updated: (51.507212, -0.134619) -> (51.507212, -0.134619)
=== SCROLL EVENT END ===

=== CAMERA POS UPDATE (zoom: 9) ===
  center: (51.507212, -0.134619) -> pixel (65486.99, 87487.10)
  camera offset: (-2.48, -0.11)
=== SCROLL EVENT START ===
Event: unit=Pixel, y=-4
Before: camera_zoom=1.3013813, zoom_level=9
Before: map center=(51.507212, -0.134619)
Cursor position: (649.25, 359.59)
Zoom delta: -0.008
Camera zoom: 1.3013813 -> 1.3117924
--- Zoom-to-cursor calculation ---
  old_zoom_level=9, new_zoom_level=9, zoom_level_changed=false
  Screen offset from center: (9.25, 0.41)
  World offset BEFORE zoom (old_cam=1.3013813): (7.11, 0.32)
  Center pixel (at OLD zoom 9): (65486.99, 87487.10)
  Cursor world position (at OLD zoom 9): (65494.09, 87487.42)
  Cursor geographic: (51.507751, -0.115097)
  World offset AFTER zoom (new_cam=1.3117924): (7.05, 0.31)
  Cursor geo pixel (at NEW zoom 9): (65494.09, 87487.42)
  New center pixel (at NEW zoom 9): (65487.04, 87487.11)
  New center geographic: (51.507216, -0.134464)
  Map center updated: (51.507212, -0.134619) -> (51.507216, -0.134464)
=== SCROLL EVENT END ===

=== CAMERA POS UPDATE (zoom: 9) ===
  center: (51.507216, -0.134464) -> pixel (65487.04, 87487.11)
  camera offset: (-2.43, -0.11)
=== SCROLL EVENT START ===
Event: unit=Pixel, y=-2
Before: camera_zoom=1.3117924, zoom_level=9
Before: map center=(51.507216, -0.134464)
Cursor position: (649.25, 359.59)
Zoom delta: -0.004
Camera zoom: 1.3117924 -> 1.3170395
--- Zoom-to-cursor calculation ---
  old_zoom_level=9, new_zoom_level=9, zoom_level_changed=false
  Screen offset from center: (9.25, 0.41)
  World offset BEFORE zoom (old_cam=1.3117924): (7.05, 0.31)
  Center pixel (at OLD zoom 9): (65487.04, 87487.11)
  Cursor world position (at OLD zoom 9): (65494.09, 87487.42)
  Cursor geographic: (51.507751, -0.115097)
  World offset AFTER zoom (new_cam=1.3170395): (7.02, 0.31)
  Cursor geo pixel (at NEW zoom 9): (65494.09, 87487.42)
  New center pixel (at NEW zoom 9): (65487.07, 87487.11)
  New center geographic: (51.507218, -0.134387)
  Map center updated: (51.507216, -0.134464) -> (51.507218, -0.134387)
=== SCROLL EVENT END ===

=== CAMERA POS UPDATE (zoom: 9) ===
  center: (51.507218, -0.134387) -> pixel (65487.07, 87487.11)
  camera offset: (-2.40, -0.11)
=== SCROLL EVENT START ===
Event: unit=Pixel, y=-2
Before: camera_zoom=1.3170395, zoom_level=9
Before: map center=(51.507218, -0.134387)
Cursor position: (649.25, 359.59)
Zoom delta: -0.004
Camera zoom: 1.3170395 -> 1.3223076
--- Zoom-to-cursor calculation ---
  old_zoom_level=9, new_zoom_level=9, zoom_level_changed=false
  Screen offset from center: (9.25, 0.41)
  World offset BEFORE zoom (old_cam=1.3170395): (7.02, 0.31)
  Center pixel (at OLD zoom 9): (65487.07, 87487.11)
  Cursor world position (at OLD zoom 9): (65494.09, 87487.42)
  Cursor geographic: (51.507751, -0.115097)
  World offset AFTER zoom (new_cam=1.3223076): (7.00, 0.31)
  Cursor geo pixel (at NEW zoom 9): (65494.09, 87487.42)
  New center pixel (at NEW zoom 9): (65487.10, 87487.11)
  New center geographic: (51.507220, -0.134310)
  Map center updated: (51.507218, -0.134387) -> (51.507220, -0.134310)
=== SCROLL EVENT END ===

=== CAMERA POS UPDATE (zoom: 9) ===
  center: (51.507220, -0.134310) -> pixel (65487.10, 87487.11)
  camera offset: (-2.37, -0.11)
=== SCROLL EVENT START ===
Event: unit=Pixel, y=-4
Before: camera_zoom=1.3223076, zoom_level=9
Before: map center=(51.507220, -0.134310)
Cursor position: (649.25, 359.59)
Zoom delta: -0.008
Camera zoom: 1.3223076 -> 1.3328861
--- Zoom-to-cursor calculation ---
  old_zoom_level=9, new_zoom_level=9, zoom_level_changed=false
  Screen offset from center: (9.25, 0.41)
  World offset BEFORE zoom (old_cam=1.3223076): (7.00, 0.31)
  Center pixel (at OLD zoom 9): (65487.10, 87487.11)
  Cursor world position (at OLD zoom 9): (65494.09, 87487.42)
  Cursor geographic: (51.507751, -0.115097)
  World offset AFTER zoom (new_cam=1.3328861): (6.94, 0.31)
  Cursor geo pixel (at NEW zoom 9): (65494.09, 87487.42)
  New center pixel (at NEW zoom 9): (65487.15, 87487.11)
  New center geographic: (51.507225, -0.134158)
  Map center updated: (51.507220, -0.134310) -> (51.507225, -0.134158)
=== SCROLL EVENT END ===

=== CAMERA POS UPDATE (zoom: 9) ===
  center: (51.507225, -0.134158) -> pixel (65487.15, 87487.11)
  camera offset: (-2.31, -0.10)
=== SCROLL EVENT START ===
Event: unit=Pixel, y=-4
Before: camera_zoom=1.3328861, zoom_level=9
Before: map center=(51.507225, -0.134158)
Cursor position: (649.25, 359.59)
Zoom delta: -0.008
Camera zoom: 1.3328861 -> 1.3435493
--- Zoom-to-cursor calculation ---
  old_zoom_level=9, new_zoom_level=9, zoom_level_changed=false
  Screen offset from center: (9.25, 0.41)
  World offset BEFORE zoom (old_cam=1.3328861): (6.94, 0.31)
  Center pixel (at OLD zoom 9): (65487.15, 87487.11)
  Cursor world position (at OLD zoom 9): (65494.09, 87487.42)
  Cursor geographic: (51.507751, -0.115097)
  World offset AFTER zoom (new_cam=1.3435493): (6.88, 0.31)
  Cursor geo pixel (at NEW zoom 9): (65494.09, 87487.42)
  New center pixel (at NEW zoom 9): (65487.21, 87487.11)
  New center geographic: (51.507229, -0.134007)
  Map center updated: (51.507225, -0.134158) -> (51.507229, -0.134007)
=== SCROLL EVENT END ===

=== CAMERA POS UPDATE (zoom: 9) ===
  center: (51.507229, -0.134007) -> pixel (65487.21, 87487.11)
  camera offset: (-2.26, -0.10)
=== SCROLL EVENT START ===
Event: unit=Pixel, y=-4
Before: camera_zoom=1.3435493, zoom_level=9
Before: map center=(51.507229, -0.134007)
Cursor position: (649.25, 359.59)
Zoom delta: -0.008
Camera zoom: 1.3435493 -> 1.3542976
--- Zoom-to-cursor calculation ---
  old_zoom_level=9, new_zoom_level=9, zoom_level_changed=false
  Screen offset from center: (9.25, 0.41)
  World offset BEFORE zoom (old_cam=1.3435493): (6.88, 0.31)
  Center pixel (at OLD zoom 9): (65487.21, 87487.11)
  Cursor world position (at OLD zoom 9): (65494.09, 87487.42)
  Cursor geographic: (51.507751, -0.115097)
  World offset AFTER zoom (new_cam=1.3542976): (6.83, 0.30)
  Cursor geo pixel (at NEW zoom 9): (65494.09, 87487.42)
  New center pixel (at NEW zoom 9): (65487.26, 87487.12)
  New center geographic: (51.507233, -0.133857)
  Map center updated: (51.507229, -0.134007) -> (51.507233, -0.133857)
=== SCROLL EVENT END ===

=== CAMERA POS UPDATE (zoom: 9) ===
  center: (51.507233, -0.133857) -> pixel (65487.26, 87487.12)
  camera offset: (-2.21, -0.10)
=== TILE DISPLAYED ===
  tile zoom_level: 9 (current map zoom: 9)
  tile coords: (51.618017, -2.812500)
  tile transform: (-849.47, -63.21)
=== TILE DISPLAYED ===
  tile zoom_level: 9 (current map zoom: 9)
  tile coords: (52.052490, -2.812500)
  tile transform: (-849.47, 192.79)
=== TILE DISPLAYED ===
  tile zoom_level: 9 (current map zoom: 9)
  tile coords: (52.908902, -2.812500)
  tile transform: (-849.47, 704.79)
=== TILE DISPLAYED ===
  tile zoom_level: 9 (current map zoom: 9)
  tile coords: (52.482780, -2.812500)
  tile transform: (-849.47, 448.79)
=== SCROLL EVENT START ===
Event: unit=Pixel, y=-4
Before: camera_zoom=1.3542976, zoom_level=9
Before: map center=(51.507233, -0.133857)
Cursor position: (649.25, 359.59)
Zoom delta: -0.008
Camera zoom: 1.3542976 -> 1.3651321
--- Zoom-to-cursor calculation ---
  old_zoom_level=9, new_zoom_level=9, zoom_level_changed=false
  Screen offset from center: (9.25, 0.41)
  World offset BEFORE zoom (old_cam=1.3542976): (6.83, 0.30)
  Center pixel (at OLD zoom 9): (65487.26, 87487.12)
  Cursor world position (at OLD zoom 9): (65494.09, 87487.42)
  Cursor geographic: (51.507751, -0.115097)
  World offset AFTER zoom (new_cam=1.3651321): (6.78, 0.30)
  Cursor geo pixel (at NEW zoom 9): (65494.09, 87487.42)
  New center pixel (at NEW zoom 9): (65487.32, 87487.12)
  New center geographic: (51.507237, -0.133708)
  Map center updated: (51.507233, -0.133857) -> (51.507237, -0.133708)
=== SCROLL EVENT END ===

=== CAMERA POS UPDATE (zoom: 9) ===
  center: (51.507237, -0.133708) -> pixel (65487.32, 87487.12)
